1234
2453
3421
2543
6534
3546
8756
2453
4876
2543
764
2435
7642
4563
74865
3456
23675
35467
748
2546
68458
2546
8462
65795
68769
2435
3756
5768
6543
635442
3134
567
875
2345
6254
4567
897
5426
34257
4563
45876
75
345
4657
76543
67
44
8776
4568
567
94578
4568
45
7356
784
58
6745
876457
8456
868
454
8
567854
8545
68
45876
845
4324
6542437
58
6546
35
658
5848769
35656867
9456568
6
457
56
858
569678
457485
568769
567463
48
987
56878
098
8567
56345
3
7
56876
3
3474568
76969
779
543
6759
67736
56895747
35
78
445678
58
758
5
9479635
9
5769
47659
5
99999999
99999998
99999997
99999996
99999995
99999994
99999989